u = [0.0176656, 0.0340458, 0.0483098, 0.0607575, 0.0708343, 0.0797415, 0.0862595, 0.0913172, 0.0938551, 0.0945577, 0.0938551, 0.0913172, 0.0862595, 0.0797415, 0.0708343, 0.0607575, 0.0483098, 0.0340458, 0.0176656, 0.0340458, 0.0650472, 0.0911937, 0.114583, 0.134906, 0.150773, 0.163531, 0.17302, 0.177804, 0.179109, 0.177804, 0.17302, 0.163531, 0.150773, 0.134906, 0.114583, 0.0911937, 0.0650472, 0.0340458, 0.0483098, 0.0911937, 0.129297, 0.163397, 0.190298, 0.213976, 0.23166, 0.245171, 0.25188, 0.253694, 0.25188, 0.245171, 0.23166, 0.213976, 0.190298, 0.163397, 0.129297, 0.0911937, 0.0483098, 0.0607575, 0.114583, 0.163397, 0.203621, 0.239635, 0.268389, 0.29073, 0.30766, 0.315972, 0.318206, 0.315972, 0.30766, 0.29073, 0.268389, 0.239635, 0.203621, 0.163397, 0.114583, 0.0607575, 0.0708343, 0.134906, 0.190298, 0.239635, 0.280772, 0.314562, 0.340829, 0.360577, 0.370201, 0.372775, 0.370201, 0.360577, 0.340829, 0.314562, 0.280772, 0.239635, 0.190298, 0.134906, 0.0708343, 0.0797415, 0.150773, 0.213976, 0.268389, 0.314562, 0.352465, 0.381836, 0.403813, 0.414463, 0.4173, 0.414463, 0.403813, 0.381836, 0.352465, 0.314562, 0.268389, 0.213976, 0.150773, 0.0797415, 0.0862595, 0.163531, 0.23166, 0.29073, 0.340829, 0.381836, 0.413549, 0.437206, 0.448624, 0.451654, 0.448624, 0.437206, 0.413549, 0.381836, 0.340829, 0.29073, 0.23166, 0.163531, 0.0862595, 0.0913172, 0.17302, 0.245171, 0.30766, 0.360577, 0.403813, 0.437206, 0.462069, 0.474039, 0.477209, 0.474039, 0.462069, 0.437206, 0.403813, 0.360577, 0.30766, 0.245171, 0.17302, 0.0913172, 0.0938551, 0.177804, 0.25188, 0.315972, 0.370201, 0.414463, 0.448624, 0.474039, 0.486236, 0.489455, 0.486236, 0.474039, 0.448624, 0.414463, 0.370201, 0.315972, 0.25188, 0.177804, 0.0938551, 0.0945577, 0.179109, 0.253694, 0.318206, 0.372775, 0.4173, 0.451654, 0.477209, 0.489455, 0.492682, 0.489455, 0.477209, 0.451654, 0.4173, 0.372775, 0.318206, 0.253694, 0.179109, 0.0945577, 0.0938551, 0.177804, 0.25188, 0.315972, 0.370201, 0.414463, 0.448624, 0.474039, 0.486236, 0.489455, 0.486236, 0.474039, 0.448624, 0.414463, 0.370201, 0.315972, 0.25188, 0.177804, 0.0938551, 0.0913172, 0.17302, 0.245171, 0.30766, 0.360577, 0.403813, 0.437206, 0.462069, 0.474039, 0.477209, 0.474039, 0.462069, 0.437206, 0.403813, 0.360577, 0.30766, 0.245171, 0.17302, 0.0913172, 0.0862595, 0.163531, 0.23166, 0.29073, 0.340829, 0.381836, 0.413549, 0.437206, 0.448624, 0.451654, 0.448624, 0.437206, 0.413549, 0.381836, 0.340829, 0.29073, 0.23166, 0.163531, 0.0862595, 0.0797415, 0.150773, 0.213976, 0.268389, 0.314562, 0.352465, 0.381836, 0.403813, 0.414463, 0.4173, 0.414463, 0.403813, 0.381836, 0.352465, 0.314562, 0.268389, 0.213976, 0.150773, 0.0797415, 0.0708343, 0.134906, 0.190298, 0.239635, 0.280772, 0.314562, 0.340829, 0.360577, 0.370201, 0.372775, 0.370201, 0.360577, 0.340829, 0.314562, 0.280772, 0.239635, 0.190298, 0.134906, 0.0708343, 0.0607575, 0.114583, 0.163397, 0.203621, 0.239635, 0.268389, 0.29073, 0.30766, 0.315972, 0.318206, 0.315972, 0.30766, 0.29073, 0.268389, 0.239635, 0.203621, 0.163397, 0.114583, 0.0607575, 0.0483098, 0.0911937, 0.129297, 0.163397, 0.190298, 0.213976, 0.23166, 0.245171, 0.25188, 0.253694, 0.25188, 0.245171, 0.23166, 0.213976, 0.190298, 0.163397, 0.129297, 0.0911937, 0.0483098, 0.0340458, 0.0650472, 0.0911937, 0.114583, 0.134906, 0.150773, 0.163531, 0.17302, 0.177804, 0.179109, 0.177804, 0.17302, 0.163531, 0.150773, 0.134906, 0.114583, 0.0911937, 0.0650472, 0.0340458, 0.0176656, 0.0340458, 0.0483098, 0.0607575, 0.0708343, 0.0797415, 0.0862595, 0.0913172, 0.0938551, 0.0945577, 0.0938551, 0.0913172, 0.0862595, 0.0797415, 0.0708343, 0.0607575, 0.0483098, 0.0340458, 0.0176656];
u_exakt = @(x, y) 8*x*y*(1 - x)*(1 - y);

N = 20;
px = linspace(0, 1, N + 1);
py = linspace(0, 1, N + 1);

px2 = linspace(0, 1, 101);
py2 = linspace(0, 1, 101);

U = zeros(N + 1);
U_exakt = zeros(101);

for i = 2:N
    U(i, :) = [0, u((1 + (i - 2)*(N - 1)):(i - 1)*(N - 1)), 0];
end

for i = 1:101
    for j = 1:101
        U_exakt(i, j) = u_exakt((i - 1)/100, (j - 1)/100);
    end
end

[PX, PY] = meshgrid(px, py);
[PX2, PY2] = meshgrid(px2, py2);
surf(PX, PY, U, 'facealpha', 0.3, 'facecolor', 'r', 'edgealpha', 1)
figure
surf(PX2, PY2, U_exakt, 'facealpha', 1, 'edgealpha', 1)

